x_offset: -0.002015481317075296
y_offset: -0.0037923182715694503
yaw_offset: 0.034204491019905525
