x_offset: 0.003825399764650017
y_offset: -0.002275156345005261
yaw_offset: -0.01869806850676177
